-0.4307829
-0.1625189
-0.1625189
-0.1625189
0.3715636
0.7654678
0.7654678
0.8544153
1.047319
1.047319
1.2669476
1.2669476
1.2669476
1.3480731
1.3987169
1.446919
1.4701758
1.4929041
1.5581446
1.5993876
1.6389967
1.6582281
1.6956156
1.7137979
1.7316555
1.7664417
1.8000583
1.8164521
1.8484548
1.8946169
1.9242487
2.008214
2.008214
2.0215476
2.0476928
2.0856721
2.1575593
2.1916535
2.2137539
2.2772673
2.2975726
2.3075726
2.3272777
2.3749058
2.5217206
2.5533438
2.5687881
2.5687881
2.5915164
2.5915164
2.6567569
2.677591
2.6844403
2.6912431
2.7047113
2.7180005
2.7880929
2.7942279
2.8063861
2.8124102
2.8419982
2.8535925
2.8535925
2.8820035
2.8820035
2.8875901
2.9204698
2.9626924
2.9626924
2.9729753
3.0130809
3.0373539
3.0563569
3.0750055
3.2752562
3.3375474
3.3928291
3.4355988
3.4578927
3.5130369
3.5160131
3.5307626
3.5652984
3.5709402
3.5876769
3.6309855
3.6800909
3.7123518
3.9843437
3.993603
4.029806
4.1295508
4.3851468
4.6844434
5.1431245
5.477509
5.5829322
